37.77443 -122.42751 0 1211018510
37.77268 -122.42375 0 1211018575
37.76957 -122.41625 0 1211018635
37.76173 -122.40613 0 1211018688
37.74827 -122.40423 0 1211018737
37.73542 -122.40913 0 1211018787
37.73225 -122.41975 0 1211018835
37.73134 -122.42623 0 1211018887
37.72866 -122.42608 0 1211018950
37.72858 -122.42536 0 1211019012
37.72859 -122.42636 0 1211019073
37.72859 -122.42633 0 1211019128
37.72857 -122.42633 0 1211019193
37.72855 -122.42634 0 1211019248
37.72857 -122.42635 0 1211019308
37.72856 -122.42634 0 1211019368
37.72859 -122.42634 0 1211019428
37.72865 -122.42602 0 1211019488
37.73155 -122.42056 0 1211019548
37.73213 -122.43275 0 1211019668
37.72498 -122.4471 0 1211019715
37.71255 -122.45378 0 1211019775
37.71113 -122.45573 0 1211021779
37.71072 -122.45543 0 1211021839
37.72254 -122.44779 0 1211021896
37.73137 -122.43502 0 1211021949
37.74171 -122.40732 0 1211022051
37.75212 -122.40284 0 1211022092
37.76401 -122.40449 0 1211022152
37.76725 -122.40668 0 1211022213
37.77002 -122.40688 0 1211022273
37.77118 -122.40833 0 1211022334
37.77397 -122.4114 0 1211022394
37.7767 -122.40797 0 1211022455
37.7795 -122.40245 0 1211022515
37.77676 -122.39535 0 1211022577
37.77648 -122.39429 0 1211022626
37.77782 -122.39248 0 1211022719
37.7778 -122.39245 0 1211022779
37.7778 -122.39246 0 1211022837
37.77778 -122.39253 0 1211022897
37.7777 -122.3925 0 1211022959
37.77771 -122.39247 0 1211023018
37.7778 -122.39256 0 1211023079
37.77777 -122.39254 1 1211023121
37.77877 -122.39282 1 1211023184
37.78121 -122.39577 1 1211023241
37.78488 -122.40065 1 1211023301
37.7883 -122.40367 1 1211023361
37.78927 -122.40709 1 1211023421
37.78877 -122.41178 1 1211023481
37.78769 -122.42067 1 1211023543
37.78743 -122.42306 1 1211023566
37.79001 -122.42549 1 1211023626
37.78975 -122.42747 1 1211023686
37.78907 -122.43308 1 1211023749
37.78788 -122.44236 1 1211023807
37.78744 -122.44578 1 1211023841
37.78747 -122.44583 1 1211023901
37.78745 -122.44595 0 1211023902
37.7907 -122.44749 0 1211023962
37.79517 -122.45001 0 1211024022
37.79762 -122.44877 0 1211024082
37.79871 -122.44479 0 1211024142
37.79949 -122.43825 0 1211024183
37.8 -122.43443 0 1211024205
37.80038 -122.43125 1 1211024223
37.79563 -122.43017 1 1211024284
37.79369 -122.42656 1 1211024346
37.78921 -122.42557 1 1211024405
37.78006 -122.42367 1 1211024468
37.77321 -122.42214 1 1211024526
37.77009 -122.42015 1 1211024586
37.76717 -122.41363 1 1211024646
37.76554 -122.41101 1 1211024706
37.7659 -122.40486 1 1211024767
37.76492 -122.39983 1 1211024829
37.76586 -122.3988 1 1211024887
37.76394 -122.39871 1 1211024922
37.76394 -122.39871 0 1211024924
37.76394 -122.39872 0 1211024929
37.76393 -122.3987 0 1211024989
37.76393 -122.3987 0 1211025049
37.76393 -122.3987 0 1211025109
37.7639 -122.39871 0 1211025171
37.76392 -122.3987 0 1211025229
37.76393 -122.3987 0 1211025289
37.76393 -122.39871 0 1211025349
37.76372 -122.39922 0 1211025410
37.76569 -122.39967 0 1211025471
37.76567 -122.39971 0 1211025554
37.76572 -122.39972 0 1211025615
37.76572 -122.39971 0 1211025672
37.76637 -122.39499 0 1211025733
37.76523 -122.39484 1 1211025765
37.76255 -122.39767 1 1211025825
37.76112 -122.40125 1 1211025874
37.75968 -122.40113 1 1211025894
37.75619 -122.40277 1 1211025957
37.75431 -122.40628 1 1211026014
37.75307 -122.40642 1 1211026078
37.74839 -122.40825 1 1211026138
37.74828 -122.41356 1 1211026195
